Grid 1: Hard
000600200
002750600
610000080
140506000
080020070
000107063
060000012
003091800
001005000
Grid 2: Medium
040000080
600050003
050302090
060030020
430271056
020090070
070109040
800060009
090000060
Grid 3: Hard
090230060
800070009
004000700
900020000
370605028
000080005
008000500
100090002
020053070
Grid 4: Diabolical
900010003
070084020
000730000
060000400
209040305
008000010
000021000
020850030
100060007
Grid 5: Easy
000000100
003248000
507060240
080302010
071080620
050609070
032090407
000425300
005000000
Grid 6: Ultra Easy
000910300
001005800
780006040
900507680
300000002
075102004
050200068
007800400
006054000
Grid 7: Medium
708003042
600720000
000005001
060204103
020000070
307601050
800300000
000017008
170800506
Grid 8: Hard
080035900
000000008
109070600
400382000
801000203
000196007
003010706
900000000
007250010
Grid 9: Medium
060000040
001805700
008060300
030040080
650189037
070030090
005070800
003204600
020000010
Grid 10: Hard
300090056
800700300
020005000
090508400
700000005
004309060
000100020
006003004
570040009
Grid 11: Diabolical
000708040
710600030
002000600
340106002
000000000
200309076
001000400
020003015
070805000
Grid 12: Easy
005120070
100003600
060004003
600010350
300502009
058070002
500600090
006800005
090035800
Grid 13: Ultra Easy
040916030
003802100
100000006
060020040
820309017
050040090
400000009
008405300
030281070
Grid 14: Medium
000705000
700000001
009020300
065040130
180356024
034090680
002070500
400000008
000609000
Grid 15: Hard
106070903
000800000
800006002
080030200
400621007
003080050
300900008
000004000
207060105
Grid 16: Medium
000507230
500062000
304000500
700406081
080050040
640803002
007000406
000670005
056904000
Grid 17: Hard
003047600
090000030
700006005
805070000
400293008
000080104
200300001
070000020
004720800
Grid 18: Diabolical
063000040
800750002
000400005
089020000
070803010
000060270
700008000
900075003
050000820
Grid 19: Easy
020381000
008006001
003000680
200040076
100962005
930070002
062000100
300600500
000418060
Grid 20: Ultra Easy
001867000
009001400
060000021
700208063
800040002
290706004
130000040
008500600
000184500
Grid 21: Medium
000200900
005093200
290600010
702304090
040010060
030509702
060007024
004920100
007001000
Grid 22: Hard
000071500
030000620
490002000
000804703
800000002
703109000
000900061
046000080
008640000
Grid 23: Medium
070008140
400970005
500001000
050703408
090010030
306809010
000200003
900084001
025100060
Grid 24: Hard
080200000
005000708
070018020
300601800
002000600
001802009
030950040
506000100
000003060
Grid 25: Diabolical
007046010
500009200
040000003
000080039
400963001
360010000
700000080
001600002
020850100
Grid 26: Easy
000501000
091008050
008090140
100050029
005249700
270080004
054030600
060700930
000905000
Grid 27: Ultra Easy
010628070
078309620
000000000
100030009
250107086
800090007
000000000
093405810
080261030
Grid 28: Medium
015000020
400810006
000290005
047080000
098132760
000040580
300021000
200059007
070000250
Grid 29: Hard
000086050
500010900
046000300
000109002
710000049
900508000
008000620
001060003
030920000
Grid 30: Medium
002030400
090000070
530080092
900508007
300604005
700302004
270040031
010000040
003050200
Grid 31: Hard
590600007
008050003
000009040
300105900
040000070
007302008
070200000
600080400
400006081
Grid 32: Diabolical
000003000
020001940
043200500
008070021
000305000
360010700
002009630
039100070
000700000
Grid 33: Easy
000130000
005400100
091007360
910304800
800090007
006208091
059700640
003006700
000013000
Grid 34: Ultra Easy
035180000
000007008
007600204
704090020
800236009
020040806
603002400
900500000
000068970
Grid 35: Medium
301070502
200501003
000306000
020090050
503000104
070060030
000208000
400907001
902010307
Grid 36: Hard
020001040
400060002
001400800
003204001
050000090
100807300
008002600
200070003
030600070
Grid 37: Medium
000203000
004791800
010060020
062000730
007106900
095000180
070030010
008917300
000608000
Grid 38: Hard
300040087
200008600
050900000
003080010
800103004
070020900
000007090
004300001
930060002
Grid 39: Diabolical
009000070
800290000
000016009
007604090
036000580
050309600
600730000
000065001
010000400
Grid 40: Easy
060092100
000060005
108700600
005803007
270050091
400907500
009001206
800040000
001270080
Grid 41: Ultra Easy
100000006
020090070
000241000
810703065
657000329
240509017
000157000
070030090
500000001
Grid 42: Medium
900050002
005020300
020000050
540108037
062000180
780402065
090000020
004080700
800070006
Grid 43: Hard
309000206
000560000
700009005
090103800
080000030
003204050
800900001
000046000
405000307
Grid 44: Medium
710602008
000500702
090040000
950010006
001425800
400070051
000050020
109004000
500708034
Grid 45: Hard
003060000
070040930
020700008
006070000
940301026
000020500
500002060
094080070
000090100
Grid 46: Diabolical
000400090
600002700
034060200
900030020
003701500
040020003
002050160
007200009
090008000
Grid 47: Easy
000900700
007041000
608020940
300080050
085293470
070050002
056010204
000460800
001002000
Grid 48: Ultra Easy
491000008
000092007
000308009
007010930
020763050
035020700
800206000
300480000
200000874
Grid 49: Medium
200005008
007061200
090300070
004030062
050642080
610050300
060003020
008590700
700200001
Grid 50: Hard
020030100
006100007
900004050
050010400
100409002
009080060
030200005
200005900
005040020
Grid 51: Medium
090000000
012040053
000215060
001702600
034090720
007408100
020189000
140020380
000000010
Grid 52: Hard
095004100
000900005
600050004
060010003
007502900
500060010
900040001
200005000
001800720
Grid 53: Diabolical
007060090
600009100
050200003
009020030
300784009
070090800
400002080
002600001
010050300
Grid 54: Easy
000005400
001080300
760043090
000502904
029010830
304809000
030620079
007090200
002400000
Grid 55: Ultra Easy
900060003
030194060
601000905
000702000
079805310
000906000
104000608
050679030
700080002
Grid 56: Medium
030100080
510800049
000025000
460302900
005090800
008406032
000270000
240008096
070004020
Grid 57: Hard
050008010
906070002
000200090
008040003
070809050
600010200
060004000
800030905
020100040
Grid 58: Medium
500800903
000001000
608025100
100207350
003080700
025109006
004650207
000700000
307002005
Grid 59: Hard
080005140
600000007
500013000
000030704
007902300
301080000
000240005
900000008
052300070
Grid 60: Diabolical
506700001
000060000
007002306
600080200
010306080
008020004
709400600
000070000
800003902
Grid 61: Easy
000050600
012460070
700100030
057804000
630000029
000306850
040002005
070041980
009030000
Grid 62: Ultra Easy
000050810
100400000
204031500
020605100
605040903
001703050
002910605
000006002
046080000
Grid 63: Medium
100900304
009030000
600045010
200070600
091463820
006090001
030210009
000080100
907004008
Grid 64: Hard
009600000
003200600
080900074
546070000
000164000
000090468
320009080
001006300
000005200
Grid 65: Medium
070000480
200879005
800400000
029507040
040060090
060904730
000001009
400758006
012000050
Grid 66: Hard
400050001
000002600
059007400
000801590
100020003
098703000
002500310
007100000
300070004
Grid 67: Diabolical
007003010
900500400
080009005
030060907
000408000
204090060
300800020
005001008
060900300
Grid 68: Easy
002003400
030410060
400600002
056020004
080306050
300050290
900004007
020037040
007100600
Grid 69: Ultra Easy
009685700
000179000
008000500
096000240
053201670
087000390
005000800
000827000
001456900
Grid 70: Medium
090400030
600305008
002001700
180509420
000020000
027106089
005600900
400207006
060003040
Grid 71: Hard
004800050
200015700
090000001
600030070
030102080
010050002
300000010
009740006
020006500
Grid 72: Medium
400027509
000060300
230005000
000204108
820090067
104608000
000700053
002040000
501830004
Grid 73: Hard
010003000
004200006
008100920
071030004
000517000
500040870
085006700
300001200
000300080
Grid 74: Diabolical
400009008
005100400
010700050
098406002
000000000
200805760
040001030
006007200
300900004
Grid 75: Easy
004062000
080009060
005080903
000106089
406000307
890407000
203070500
040600090
000210800
Grid 76: Ultra Easy
000200000
058900070
004780290
531060000
002379400
000050368
045027100
060003540
000001000
Grid 77: Medium
190050007
008030009
000602010
005206900
640010083
001304600
010503000
300040500
500060032
Grid 78: Hard
200100009
090005420
040900000
908030050
000708000
010060708
000007010
064800070
800006004
Grid 79: Medium
000720300
003000100
780603020
102809600
500070002
008502709
050407036
004000900
007086000
Grid 80: Hard
003005700
002100000
100070063
010309004
007010300
900807050
380040005
000003100
006500400
Grid 81: Diabolical
094000000
000705004
002600805
017509060
000000000
040106730
406007100
300201000
000000540
Grid 82: Easy
000007010
803006700
010029040
000090468
004602300
967030000
030260050
009800604
040900000
Grid 83: Ultra Easy
490020061
001030500
000907000
806000905
029501630
304000208
000308000
008050400
960070053
Grid 84: Medium
008004070
100007500
070950008
005106087
009020400
610408300
200049030
003500004
040800100
Grid 85: Hard
009001050
400000000
003920701
005203008
002000300
100708200
308074500
000000003
060800100
Grid 86: Medium
040010700
000002009
509470200
003704020
401080607
090201300
007045106
100800000
005020070
Grid 87: Hard
040508070
006000900
050010020
005060400
020304060
004070300
030050040
009000500
070603010
Grid 88: Diabolical
000962100
040700030
900030000
200000058
307000201
590000003
000010005
070003060
003294000
Grid 89: Easy
000003050
504009800
030870090
006050029
001706300
750090400
080061040
005900201
020500000
Grid 90: Ultra Easy
400190807
007000000
800703090
908060700
100579002
006040509
020807004
000000200
503026001
Grid 91: Medium
040351000
000004309
017000500
400208051
600090007
150407008
004000190
201800000
000519040
Grid 92: Hard
071600000
000000602
020908003
706403900
000000000
004701806
100805070
803000000
000009380
Grid 93: Medium
020010090
700450002
009600100
054080000
910574026
000020580
005003200
100045008
090060050
Grid 94: Hard
070600000
080003096
005080300
500306080
006000400
030402007
003020100
890500020
000007060
Grid 95: Diabolical
000340000
001006900
072000340
700090010
400205003
030060009
094000670
003800200
000059000
Grid 96: Easy
000005020
720034060
008100400
004080053
060903070
380070100
007002300
030760012
010300000
Grid 97: Ultra Easy
690000087
017080420
000040000
030804050
701509608
080301070
000050000
023090540
860000092
Grid 98: Medium
060105300
004000005
300907060
603201804
000060000
201704603
010402009
400000700
007506080
Grid 99: Hard
600052089
209400000
000000030
050701003
700060004
800209010
020000000
000003701
310970006
Grid 100: Medium
000207080
750090030
002060100
800030009
090524070
500080001
007040900
040070028
030602000
Grid 101: Hard
030080000
009007008
006500710
007040020
500201006
040060500
075003900
600700100
000050040
Grid 102: Diabolical
200030008
070004130
040600000
009060070
400301005
010050400
000006080
028700010
500020004
Grid 103: Easy
006508900
004070300
900060007
100206008
200905006
300701002
400090003
003050100
009803600
Grid 104: Ultra Easy
000059100
032060040
400700080
004070008
850291064
300080200
090006002
070010430
001320000
Grid 105: Medium
005000300
000651000
080040060
700205006
106403708
800106003
030060010
000712000
009000400
Grid 106: Hard
910000005
020500093
000047000
040070100
003109500
001050030
000760000
360005070
700000084
Grid 107: Medium
090000400
007410003
400830010
000040230
030268050
071050000
040081002
600095800
008000090
Grid 108: Hard
800006095
500200000
003005200
090802304
000050000
207309080
006500400
000007002
750600008
Grid 109: Diabolical
070000040
100800306
020309000
098050200
000901000
004060870
000708050
702006008
080000090
Grid 110: Easy
090275030
400000005
000401000
607040309
009107800
501080702
000708000
700000006
020653070
Grid 111: Ultra Easy
085000200
000082009
902061507
049020000
070105020
000030470
204670305
100350000
003000860
Grid 112: Medium
980705063
000030000
500090008
030000090
794000582
020000070
300020009
000050000
270804035
Grid 113: Hard
380000001
000084302
060009000
000905410
010000020
048201000
000100030
103850000
500000087
Grid 114: Medium
000803000
400107005
100090007
001030400
063000780
002060500
700010004
600204009
000609000
Grid 115: Hard
000010020
604000800
010702050
003507200
700080009
006301700
060405080
005000403
030070000
Grid 116: Diabolical
070054000
001030006
008000250
500000100
130000084
006000009
045003800
800010600
000280090
Grid 117: Easy
091030280
080070040
000805000
300407001
802000604
100506008
000702000
070060090
026050810
Grid 118: Ultra Easy
000018300
007050200
650007010
000406501
560070094
409503000
080300062
005060900
006720000
Grid 119: Medium
080000090
000379000
006020300
807000405
091245780
403000906
009030500
000457000
060000030
Grid 120: Hard
000500300
039600020
100003050
280060900
000948000
003010048
010700003
020006590
006004000
Grid 121: Medium
090000080
700805002
500010004
900040007
264070958
300050006
400030005
800704001
010000040
Grid 122: Hard
034070080
900006003
000400002
008040050
200307001
040010200
400008000
700500009
050090860
Grid 123: Diabolical
100509008
040020090
005000700
800602007
030000020
500307001
003000400
050090070
200405009
Grid 124: Easy
001060900
500070004
079304210
050000020
204000603
090000040
023706490
700040002
006010300
Grid 125: Ultra Easy
008056020
205400700
030008041
050803204
700000008
302901070
920300060
007004903
040690800
Grid 126: Medium
070080090
002401600
400060007
000708000
784030529
000905000
600010005
003607100
040090070
Grid 127: Hard
090800200
070005034
300020000
700090050
005781300
010040006
000070008
530200070
007004060
Grid 128: Medium
903005007
000374900
070000001
080502034
060010020
720803010
400000070
007231000
600400103
Grid 129: Hard
030040200
000001007
702008300
000709850
300050004
086304000
003900401
900400000
005020070
Grid 130: Diabolical
000900080
601080500
080001060
400010800
030608040
008040007
020800050
005070204
060005000
Grid 131: Easy
310857094
060000010
009000700
100070008
078000320
500030007
006000800
040000070
780946032
Grid 132: Ultra Easy
520980001
000400207
010060000
000203084
204010306
890506000
000020070
902005000
100079023
Grid 133: Medium
000904030
150000640
070630000
407010006
001267400
200040108
000086020
046000015
010405000
Grid 134: Hard
001000800
002058000
600400097
004203080
060080010
020105400
270001008
000840900
003000700
Grid 135: Medium
009004600
010087050
500200008
006503029
030040010
150908700
300001007
060430090
001600300
Grid 136: Hard
500006003
060000020
003540900
009080005
005703400
200010600
007062300
050000090
800100004
Grid 137: Diabolical
000309500
020000740
560040000
100090007
005802900
800050006
000030029
046000070
003906000
Grid 138: Easy
020050080
007632100
005704600
200000009
016000720
700000008
002407900
009568200
050090070
Grid 139: Ultra Easy
100300682
386020050
200010090
000090005
005706200
600080000
060070004
070060529
412005006
Grid 140: Medium
013040080
500807003
000001004
030405910
400060008
076108040
600200000
100506007
080010260
Grid 141: Hard
000067020
237000060
000800090
004701002
700050008
800206700
070009000
060000219
010530000
Grid 142: Medium
036400080
900806001
000900003
245309010
000070000
070104562
400008000
100602009
090003240
Grid 143: Hard
000041000
006000100
012800390
003060009
900305001
100090500
051003970
007000600
000420000
Grid 144: Diabolical
060000010
700120004
001009700
010050900
080902070
006080020
009600800
600034007
070000050
Grid 145: Easy
000009400
006510000
905007810
090020604
050481090
408090020
034900208
000034100
009100000
Grid 146: Ultra Easy
100058003
000203400
068040200
830020060
007109800
010070092
006010720
001407000
400690001
Grid 147: Medium
700001496
600400000
500086000
040060809
005847600
306090040
000650002
000009005
952300004
Grid 148: Hard
020600080
600070002
008010700
200106000
086020410
000304008
001060900
300090007
090007060
Grid 149: Medium
900056007
080200050
002004600
020409706
700080002
601705040
007900200
010002070
200370001
Grid 150: Hard
900037006
003800400
010000070
040060005
800294003
200080040
020000030
007009600
400670002
Grid 151: Diabolical
000014000
040600030
003800200
100020890
400103007
065080003
002009500
050001080
000540000
Grid 152: Easy
300400608
001607000
900020070
750308020
004000800
030102095
010080003
000203100
403006002
Grid 153: Ultra Easy
300007085
100600900
040085000
090802706
004090500
708506090
000250060
009003007
250100004
Grid 154: Medium
040830060
709500003
000900050
184209000
300040005
000308241
070005000
200003104
010092030
Grid 155: Hard
400000007
060204080
003900400
054090020
000713000
030040670
009007800
040805090
800000005
Grid 156: Medium
300020109
020041080
500800000
003060010
890403025
010080900
000002001
080130050
105090002
Grid 157: Hard
400800006
080000720
060032000
200040900
006123800
007080001
000250010
031000090
700009008
Grid 158: Diabolical
000065080
600800200
091070600
700000090
304000502
050000003
009020740
002008009
070490000
Grid 159: Easy
002730050
600002000
007100402
401020080
300908004
020010306
104009600
000500003
080061900
Grid 160: Ultra Easy
002300000
000629000
008070309
020951068
060807050
840263070
107090500
000132000
000005600
Grid 161: Medium
070106040
200900601
040080000
820601004
001030800
700802036
000060010
602005009
090308060
Grid 162: Hard
400090007
008001000
002700610
009107060
600080001
070209800
057006200
000300100
800070006
Grid 163: Medium
700000008
050072310
010380000
007030060
046859230
020060900
000023080
083710090
400000003
Grid 164: Hard
600004005
098005030
000100060
001020049
000917000
950040700
080002000
040800970
100700006
Grid 165: Diabolical
030009000
098000021
000370050
003706008
007000500
600504700
060057000
280000470
000100030
Grid 166: Easy
020005080
800160007
005400900
012604008
040000050
300708190
003007400
400036005
080500070
Grid 167: Ultra Easy
000370900
020080460
940500000
000638704
030705010
408921000
000006087
065010040
002057000
Grid 168: Medium
600009803
009073000
200008050
000060394
030794010
942030000
090300007
000140900
107900005
Grid 169: Hard
000009800
060500390
950080000
020801007
004030200
700904030
000010083
041008070
005400000
Grid 170: Medium
000507030
430000020
009360500
504030002
001625300
200090605
008073400
050000083
040908000
Grid 171: Hard
000000240
201070000
300502080
008605400
010000050
002104600
070209005
000010904
089000000
Grid 172: Diabolical
045000900
000403002
700090004
030509020
009000400
080106030
600030005
100804000
008000740
Grid 173: Easy
800076002
007090600
050300040
008050004
730109065
100040900
070005030
001060800
500930007
Grid 174: Ultra Easy
000000040
100067800
023104600
005402180
080030090
041908300
006805270
009210008
050000000
Grid 175: Medium
000351020
300000100
015700800
402807001
500010002
100405309
001006730
003000006
060193000
Grid 176: Hard
920000008
060080042
000170000
003608000
049050830
000309500
000093000
290060050
400000089
Grid 177: Medium
080409300
007060005
300005010
400502706
070000020
602807009
030700004
200050600
001904050
Grid 178: Hard
000000950
706305000
500200070
038507010
000010000
060803720
040006003
000408502
085000000
Grid 179: Diabolical
009005020
300024000
000790008
870000900
034000260
006000047
400067000
000510002
050200700
Grid 180: Easy
050070010
090201060
007040200
905000106
016000320
802000504
004080600
080402030
020030040
Grid 181: Ultra Easy
030000100
001037006
800019040
028973000
009802500
000156280
050760004
300520900
007000020
Grid 182: Medium
340506208
000000003
600032000
100050806
006901400
904060001
000470005
500000000
403205069
Grid 183: Hard
400080007
080003160
030500000
004207030
300040006
070906500
000004050
016700040
700090001
Grid 184: Medium
040813020
005000600
000060000
409000503
063948710
102000408
000020000
004000800
090786050
Grid 185: Hard
030790000
001005007
008000520
100040030
300257001
020030009
043000700
800600100
000084050
Grid 186: Diabolical
090021070
100000008
000360000
500602300
907000204
006903005
000016000
400000009
080430020
Grid 187: Easy
500000006
090010040
340806019
060040070
470109035
030050020
980502064
020060050
600000002
Grid 188: Ultra Easy
002000600
007090800
810306095
030050080
901423507
040060010
460207059
009010300
003000700
Grid 189: Medium
000035080
603400700
050007020
070090508
900508004
508010070
060100040
001003805
020750000
Grid 190: Hard
700000025
300070900
090065000
000020100
073108560
006050000
000310080
007080002
980000003
Grid 191: Medium
005060080
840059030
000200005
008090070
910402063
060010200
500006000
080970026
070020900
Grid 192: Hard
530604001
010530086
000000000
240903008
060000090
800201043
000000000
470056020
900308064
Grid 193: Diabolical
008000000
059408070
000020059
090010020
002307400
070050080
260090000
080205930
000000500
Grid 194: Easy
800704005
000080000
040521080
018000630
290608051
054000290
080359020
000010000
100807009
Grid 195: Ultra Easy
008090400
370516092
050000010
801000304
040109080
503000109
020000030
180623047
005040200
Grid 196: Medium
005028000
030540780
080000003
040801007
510000068
800209010
100000070
097082030
000170400
Grid 197: Hard
090020810
100000003
200068000
000010300
301906704
005080000
000630005
700000001
036070090
Grid 198: Medium
010008400
000062008
809700500
005030012
020409080
680020300
002004807
500680000
008200060
Grid 199: Hard
000073050
904000100
070100060
007605003
100040005
600908400
010004020
006000809
080290000
Grid 200: Diabolical
003400000
020030050
000082006
004807005
019000680
800201300
900720000
050010020
000003100
Grid 201: Easy
780090045
100506008
506000109
000060000
061825930
000070000
908000502
300709004
650010093
Grid 202: Ultra Easy
810209054
030010080
000584000
063000970
201000506
087000140
000651000
070090010
150407093
Grid 203: Medium
800000006
007850300
030061080
020070600
056302710
008010030
010740020
009023500
500000003
Grid 204: Hard
205008006
030090080
000400007
001020008
080901050
900060300
500002000
040080060
600500803
Grid 205: Medium
070305010
400000007
003097800
200060403
008904700
904070008
002750900
700000006
060801070
Grid 206: Hard
002950600
004200000
900000057
160080000
300402001
000030095
570000002
000003500
006045100
Grid 207: Diabolical
900700003
001060700
080004050
008010006
060208090
300070500
050600040
004020100
100007005
Grid 208: Easy
005030100
000975000
060201030
080103050
294050316
050402090
010609070
000524000
006010800
Grid 209: Ultra Easy
004000900
609030805
075809430
090070040
020406090
050090010
083607150
107050306
002000700
Grid 210: Medium
200900306
060807090
400060000
720090080
004201600
010080023
000050008
030602040
506008001
Grid 211: Hard
000010390
905008000
800300050
006201070
300000006
010407900
080009003
000800107
043050000
Grid 212: Medium
002300050
640005030
000072009
400030510
001407200
056080004
200760000
090500026
060003800
Grid 213: Hard
000001200
090000160
340086000
000060907
004702800
708050000
000470031
087000090
003900000
Grid 214: Diabolical
007023080
200009500
090000002
930010000
800307009
000080036
500000090
001600005
060830400
Grid 215: Easy
050704020
060080030
700060004
042000180
180403069
093000470
800040005
070030040
020801090
Grid 216: Ultra Easy
410020096
036000520
008060300
060902030
800104002
020706080
009010800
083000210
150090063
Grid 217: Medium
200001008
090002610
010860000
003080029
009207400
450090700
000018060
068900030
900600007
Grid 218: Hard
400200003
006005000
003010790
700060010
004701800
060020005
019080500
000100200
800009006
Grid 219: Medium
007260010
100000500
090140007
702801000
903000201
000409305
500092040
004000006
060014700
Grid 220: Hard
000079300
010006270
890000000
000501068
100000003
780902000
000000017
061800030
004610000
Grid 221: Diabolical
080000900
004209006
300050010
040090020
007504800
060010040
020070004
800102600
009000030
Grid 222: Easy
830050024
000010000
700000006
901306807
680574031
503108602
300000008
000040000
460030075
Grid 223: Ultra Easy
019070430
005304100
300801005
000185000
750000018
000927000
500603009
003708600
074010850
Grid 224: Medium
300065007
005010800
040008060
000050706
250607098
607090000
020500070
009020400
400980001
Grid 225: Hard
053604080
700080004
000000006
500040007
040105090
600090001
900000000
300050002
010802960
Grid 226: Medium
500630004
002008600
090070020
300207010
705000203
010403006
020060040
007800500
900021008
Grid 227: Hard
040002010
730500062
000030000
020010007
003207600
100080040
000060000
860005074
010300080
Grid 228: Diabolical
000013500
050400030
300690000
700000340
106000807
094000006
000036004
010008020
009120000
Grid 229: Easy
005702100
400635002
800000006
100070003
370269041
200040008
900000005
500916007
006304800
Grid 230: Ultra Easy
510020076
279000314
030109050
000080000
901000507
000090000
020804060
847000125
690010038
Grid 231: Medium
702010003
000305700
090600005
079801060
500000008
080702510
200007050
007504000
100090807
Grid 232: Hard
300060004
080000260
010804000
009020700
800701006
006080300
000205030
038000070
500070002
Grid 233: Medium
980056003
000300009
006000800
090604001
700000002
500102080
007000100
400009000
600730048
Grid 234: Hard
200803009
400010006
090060050
007000900
810000043
002000700
060020080
500090002
700105004
Grid 235: Diabolical
068030500
030000081
400500002
000050900
600407003
004090000
300002007
940000020
006070310
Grid 236: Easy
062050180
007000900
000206000
041090720
706128305
035060890
000507000
008000200
073040510
Grid 237: Ultra Easy
950010072
080309050
000000000
720431065
400908003
530726048
000000000
090607030
270080094
Grid 238: Medium
800070003
000400800
031850600
000000390
308000207
096000000
007035940
009008000
500010008
Grid 239: Hard
026000830
000106000
007080200
900010002
001604900
500090004
005060300
000805000
093000650
Grid 240: Medium
700365008
000000900
041009600
200601704
100000002
607804001
005900180
006000000
900158006
Grid 241: Hard
630500002
080000053
000901000
706090500
000703000
003050104
000406000
810000060
500009041
Grid 242: Diabolical
000054630
600090000
104200700
500000900
480000061
001000003
006005809
000070006
017460000
Grid 243: Easy
010765090
900000003
004030100
108000509
046893210
209000304
002050900
400000008
090384020
Grid 244: Ultra Easy
006215900
402080107
000904000
709000304
800709002
105000709
000107000
903040806
007368400
Grid 245: Medium
000009000
020007980
068305100
002706495
000000000
475902600
001204830
046800050
000600000
Grid 246: Hard
080000060
500860004
009005800
040080600
010907030
005040070
003200500
700018003
050000010
Grid 247: Medium
000700800
004360000
705040230
890504000
043000150
000806024
059080302
000091700
008003000
Grid 248: Hard
008079000
010500720
060020003
800000060
403000907
070000002
700090010
056007030
000260400
Grid 249: Diabolical
000400200
030020040
207005100
006030002
020706050
900080600
004300806
010050070
002007000
Grid 250: Easy
070050040
103000602
000701000
030825060
264090785
080674090
000302000
305000807
090010030
Grid 251: Ultra Easy
100905002
205000908
040080060
032040890
001376200
054020610
070050040
509000706
400107005
Grid 252: Medium
000001530
950820010
300050000
040030007
037102460
600040020
000010005
060078093
071300000
Grid 253: Hard
502060007
000070200
080402006
008000900
340000078
007000500
200709060
001030000
800040701
Grid 254: Medium
000010300
008026500
170005080
000209750
240000038
067308000
090600013
003490200
002080000
Grid 255: Hard
000075000
090400030
006890100
700000510
908000307
063000008
009082400
030001090
000650000
Grid 256: Diabolical
000570000
020004060
004080500
050107009
702000401
900805020
008050200
060200030
000036000
Grid 257: Easy
090050020
400602005
002914800
900000007
065178490
200000001
003867200
800501006
070040030
Grid 258: Ultra Easy
063895420
020000060
000203000
058020190
040689050
079040380
000408000
030000040
087936510
Grid 259: Medium
903080057
800900000
000703008
036407200
400000001
007806930
700308000
000009002
280070309
Grid 260: Hard
200600004
003000000
001024750
800402900
006000400
009807002
064710300
000000100
900006007
Grid 261: Medium
803104005
000630200
040000001
170020009
050309010
300050024
500000080
007018000
200503607
Grid 262: Hard
070006400
000040809
850000000
600324000
020809050
000157002
000000096
206030000
001600040
Grid 263: Diabolical
070031050
500800003
004000800
300040060
400307005
090050002
001000600
800002004
050480010
Grid 264: Easy
280040057
060000010
100895006
000504000
809617205
000209000
700962001
020000090
390070062
Grid 265: Ultra Easy
000205000
304010206
005000700
029561870
650000012
071324960
008000100
507040609
000708000
Grid 266: Medium
010072800
080000051
900500000
100060200
600904005
009080003
000003006
850000010
006140020
Grid 267: Hard
007300090
300090100
010006007
003080009
050203060
400070300
100400070
002050006
040007500
Grid 268: Medium
900800007
050701680
070002000
430207860
000000000
098306075
000600010
029503040
500004003
Grid 269: Hard
000003700
030040010
500162000
306000800
045000670
001000304
000418007
070030060
009700000
Grid 270: Diabolical
100020007
030009040
005000100
050734000
400205003
000916050
009000400
080300020
600040001
Grid 271: Easy
009751600
014000750
000000000
001896500
052417360
007235100
000000000
025000470
006129800
Grid 272: Ultra Easy
003020500
800345009
500806001
405000703
730050018
601000905
200603007
300489002
004070800
Grid 273: Medium
067510000
000000205
030086007
800601500
702000806
005804001
400160050
301000000
000038120
Grid 274: Hard
007090080
900060300
020700006
000030500
700901002
008070000
800009040
003010009
040020700
Grid 275: Medium
010400000
008050007
005013640
100080500
084501730
002090006
063940200
500070900
000006080
Grid 276: Hard
000028090
106000200
050009010
603050000
900701003
000030709
010200040
004000905
080490000
Grid 277: Diabolical
000072000
020630070
007009600
402000030
580000021
070000504
003700100
050023040
000810000
Grid 278: Easy
058000640
200698003
000402000
009010200
031247950
006080100
000905000
700861005
065000890
Grid 279: Ultra Easy
805000407
000000000
003654800
607192508
018060290
502438601
004716300
000000000
301000705
Grid 280: Medium
701006003
000010400
050930001
007501002
019000760
200708500
300079040
004020000
600100307
Grid 281: Hard
000047600
000659000
700200000
420000960
950000081
078000035
000002008
000196000
004830000
Grid 282: Medium
402803005
000750000
003000108
840607001
090000050
200905047
104000700
000024000
300506409
Grid 283: Hard
000503000
006040000
001090520
300070005
069000430
400020001
073010800
000030600
000904000
Grid 284: Diabolical
050600080
800590004
003040200
000000061
072000930
690000000
005010800
700068003
080005070
Grid 285: Easy
900010003
003070600
080000050
308502401
401706905
709401802
030000040
006040300
100060009
Grid 286: Ultra Easy
900576008
070030050
016000430
008402700
260000045
005603200
089000570
020040080
400398002
Grid 287: Medium
050700400
000042007
107090500
900070050
084603290
060020008
006030802
800160000
003007060
Grid 288: Hard
006290050
800000100
020005003
300010500
200903008
001050002
700500090
008000001
010047200
Grid 289: Medium
608000004
040690080
000104002
026010400
080409060
009070120
800203000
060047050
700000206
Grid 290: Hard
007900400
000500000
802001607
210406900
000000000
006105034
605800302
000009000
004003100
Grid 291: Diabolical
605000207
000030000
801600304
000010800
010906030
006070000
307004906
000020000
509000108
Grid 292: Easy
003159200
090000050
014070390
000504000
950317048
000802000
025080960
080000010
001926800
Grid 293: Ultra Easy
075080930
231060748
000207000
000805000
107040305
000306000
000401000
528090471
019020650
Grid 294: Medium
400003009
070409060
009800200
084050027
000907000
790040810
007008100
060501070
900700005
Grid 295: Hard
000002060
100790000
008006400
905010070
080207050
010050803
009300200
000075006
070900000
Grid 296: Medium
800015002
010004070
004700900
003801096
200000007
980607200
002006700
070400050
600570004
Grid 297: Hard
000060020
700308400
048000900
080407090
200000001
030201080
003000670
009605003
060070000
Grid 298: Diabolical
401003006
000080000
003020405
100405000
056000170
000201008
705010600
000040000
800900201
Grid 299: Easy
050308070
700000009
030070080
005236800
087104350
009785100
090010040
500000003
010407060
Grid 300: Ultra Easy
740030081
000127000
002000500
061402750
209000304
075309620
003000900
000563000
510090036
Grid 301: Medium
080046000
040089371
090000000
000504017
510070094
870901000
000000040
369450080
000190050
Grid 302: Hard
600890003
050063070
009070400
030000005
405000107
200000040
003010500
060530010
500082009
Grid 303: Medium
300870005
007005900
020600070
206010050
100768002
030050701
040006080
002500100
900027006
Grid 304: Hard
006034500
000087000
400009003
941050000
500203001
000060795
200900006
000840000
005370200
Grid 305: Diabolical
900002001
040050070
002100600
300080400
050201060
001040003
005009300
060010090
400300007
Grid 306: Easy
980000036
001020400
200080007
010609020
048231670
020804050
100090003
002060100
470000062
Grid 307: Ultra Easy
050000030
070263040
400070001
017604980
590000074
024907150
900030007
030721090
040000010
Grid 308: Medium
900070001
003050400
050104090
085000140
090643070
047000960
020407010
009020600
400080005
Grid 309: Hard
001090000
006032400
030000059
010608000
920050081
000901070
670000090
009140200
000060700
Grid 310: Medium
090000070
200060003
000308000
341090586
950000041
786040239
000109000
400050008
010000020
Grid 311: Hard
000048010
900025000
001009300
154000000
670010095
000000761
007400200
000750008
020830000
Grid 312: Diabolical
006029040
200010600
070006002
802000000
430000059
000000208
900200070
008040001
010360900
Grid 313: Easy
670109082
200050001
000000000
530060049
710593068
860010057
000000000
300080004
940602015
Grid 314: Ultra Easy
010508020
050060040
300201005
408050207
100702004
502090806
700604001
040010070
020807050
Grid 315: Medium
004080100
800901003
060304080
007010600
210000074
005040900
020806030
400102005
003050200
Grid 316: Hard
003002060
502600000
000800034
035070001
000901000
900050470
750008000
000007508
040500600
Grid 317: Medium
009000300
000716000
680020051
400309005
003405900
800102004
530090017
000541000
001000500
Grid 318: Hard
650003001
000100008
002050300
070908002
008000400
900305080
004090500
300004000
500700064
Grid 319: Diabolical
001930500
000000600
820060004
600501000
105000407
000803006
700090045
009000000
002057800
Grid 320: Easy
070205060
690000047
005070800
900050008
320406075
700020006
007060300
510000089
060108050
Grid 321: Ultra Easy
410608023
000475000
090000040
050867030
104000807
030149050
040000070
000234000
620701089
Grid 322: Medium
107000806
090801020
000537000
004050200
002374500
009010700
000196000
040705090
901000608
Grid 323: Hard
209000007
008740000
000002038
090030100
040156070
007020050
470200000
000085700
800000901
Grid 324: Medium
009603800
000901000
500478002
010060070
600312004
050040010
200184007
000705000
008206400
Grid 325: Hard
000200030
237900010
000004080
510406800
000000000
004803021
080300000
090007462
070009000
Grid 326: Diabolical
098100400
000009003
700300005
804070030
000403000
030060207
600004009
100600000
002008160
Grid 327: Easy
405906208
009030400
020040050
008000700
043781520
001000800
080010090
004020600
702305104
Grid 328: Ultra Easy
000040000
060209050
250060013
520306089
009402600
340807025
180070062
090501040
000080000
Grid 329: Medium
008625300
000317000
050000010
100509002
423000659
500203001
030000070
000852000
004736100
Grid 330: Hard
050709000
070000028
003040100
700408003
006000200
900207004
008070400
520000060
000905030
Grid 331: Medium
004901700
000275000
090803060
007010900
039607810
006090400
080704090
000526000
005109600
Grid 332: Hard
100030008
070400950
090006000
040090500
500604001
003070040
000100080
038005010
200080005
Grid 333: Diabolical
073000900
000004007
100207003
004080790
000302000
052090300
500109008
300800000
009000650
Grid 334: Easy
040060050
067000240
000402000
409080103
610934072
705010904
000308000
084000310
070090020
Grid 335: Ultra Easy
000060000
065807430
900402007
870030014
050106090
610080025
700308006
092604870
000070000
Grid 336: Medium
108070305
000406000
000050000
971000654
320601087
486000231
000010000
000209000
509060402
Grid 337: Hard
070020050
500900701
010003000
006080070
300609008
050030200
000300060
903004002
080060030
Grid 338: Medium
803020704
000000000
004703500
530010076
641000952
980050041
009408200
000000000
408060105
Grid 339: Hard
900007306
004002000
700030020
840090000
001405700
000070012
080050003
000300500
603700008
Grid 340: Diabolical
009080000
040000250
060200009
000896700
800702001
007134000
400003020
053000090
000040800
Grid 341: Easy
090020030
400306009
003090600
204000305
089265140
705000908
008070400
900401002
040050090
Grid 342: Ultra Easy
052080740
010090020
740000068
100208009
008905400
600103007
280000034
030010090
061030870
Grid 343: Medium
302060804
060204050
700000003
000412000
420000061
000693000
200000009
070509030
906070205
Grid 344: Hard
070100400
000070903
130940000
000000204
092000730
403000000
000098026
509060000
008001090
Grid 345: Medium
900508007
020030050
000204000
005987400
480050019
009416500
000103000
090040070
300609008
Grid 346: Hard
005070000
060804010
000010006
050908040
304000807
080407090
200090000
040501020
000040600
Grid 347: Diabolical
090400260
600050001
200069000
004000009
061000340
900000500
000510006
700040008
026008030
Grid 348: Easy
020090080
500704002
408000709
900050001
370462058
800030004
609000207
200309006
080020090
Grid 349: Ultra Easy
400000005
063080420
002614700
070105090
104000306
020406050
005867900
047050860
600000007
Grid 350: Medium
020040050
709000302
000623000
001905800
200817005
005402700
000254000
602000504
050070030
Grid 351: Hard
002090500
080700040
400081002
006000010
105000309
020000600
300250006
050006030
004070100
Grid 352: Medium
000040000
100806003
090532040
005401800
002679400
001305600
020714080
700908002
000050000
Grid 353: Hard
500200008
000570400
080061000
005000063
072000510
610000200
000150040
007046000
100007006
Grid 354: Diabolical
000037000
003100200
020056030
809000060
402000103
050000802
070380020
005009700
000760000
Grid 355: Easy
850060074
007289500
000705000
500000009
402396107
700000006
000508000
008934600
130020048
Grid 356: Ultra Easy
009203500
602708409
000060000
805070203
300805004
401030807
000040000
204501708
006302900
Grid 357: Medium
009020500
040756080
000409000
036000820
800642009
097000460
000201000
020587090
005090200
Grid 358: Hard
000004500
003602000
600030090
830090020
006801700
020060048
050080006
000706400
007200000
Grid 359: Medium
100050009
030000050
506409102
000173000
005206700
000845000
307904601
020000090
900060004
Grid 360: Hard
801002007
000061900
060070002
410000000
057000390
000000071
200080040
006230000
700500206
Grid 361: Diabolical
000003100
020010050
104890200
900000700
052000890
007000006
001064309
090080020
005700000
Grid 362: Easy
630000058
000604000
005080600
042060590
097142860
086070420
001030900
000205000
950000036
Grid 363: Ultra Easy
840070092
279000653
000000000
002548700
007601400
001297300
000000000
934000278
710020036
Grid 364: Medium
003000100
680000097
005968400
000456000
016090280
000281000
004832600
860000024
001000800
Grid 365: Hard
005090310
200001000
100050002
070504000
904000805
000209070
300020007
000600008
042010500
Grid 366: Medium
030501060
004080300
500000001
700153006
201000503
300862007
400000002
003010700
070604030
Grid 367: Hard
400300708
005060000
700008090
003010004
090403080
100080300
020600007
000030500
607002003
Grid 368: Diabolical
008003100
000509000
200040003
170090020
006401700
080070019
500010008
000302000
002600500
Grid 369: Easy
450060031
020451090
900000005
000307000
510642073
000508000
100000004
090824010
740030082
Grid 370: Ultra Easy
004000900
010436020
007918600
190000082
040509030
570000096
001794300
030652040
009000200
Grid 371: Medium
090105080
008040500
600308009
004090200
060502040
001060900
700806002
006050800
080204060
Grid 372: Hard
005070400
030051090
900006002
098000000
350000079
000000280
400500007
070840060
006010500
Grid 373: Medium
009802400
007090600
800000007
070369040
300201009
090745020
500000004
003050200
001407800
Grid 374: Hard
100090006
063080050
000503090
004000900
690000042
001000700
010608000
040070280
700040003
Grid 375: Diabolical
400010002
001600000
005028390
009000080
108000607
030000400
082340900
000006500
900080003
Grid 376: Easy
010050030
800703006
000401000
490070061
083216940
670040082
000109000
100807004
020060090
Grid 377: Ultra Easy
000269000
709000504
000705000
074381690
003604700
091527480
000906000
206000901
000472000
Grid 378: Medium
002301400
010070050
530080012
200000001
008124700
100000009
790040026
020010070
001702900
Grid 379: Hard
080100900
005800001
600050080
000070098
002901600
830060000
090020004
700008200
004005030
Grid 380: Medium
000040000
070105080
400297005
750000093
010309070
390000052
500913007
040706020
000020000
Grid 381: Hard
090006050
500004009
001090700
000203014
004000300
610407000
008060500
700900008
060500020
Grid 382: Diabolical
000200000
003060700
015800640
000050207
090703050
704080000
047006810
001070500
000004000
Grid 383: Easy
090000020
500304001
103020809
030060080
907508406
050010090
605040908
200903007
010000050
Grid 384: Ultra Easy
006579800
000000000
083204710
060142070
001805400
020736050
018407290
000000000
005981600
Grid 385: Medium
000508000
802040609
005109700
400080005
056010390
100050006
007801900
901070503
000205000
Grid 386: Hard
060100050
800090003
001700900
000020507
050407080
706050000
002009400
400070001
010005060
Grid 387: Medium
000000000
006582700
504000302
100234005
005906100
300158007
803000509
002397400
000000000
Grid 388: Hard
001800900
080040050
300005007
004070001
070304080
500020300
800700005
010080020
002001700
Grid 389: Diabolical
208001006
000006400
010050002
340010000
007309600
000060035
400070020
009100000
100400507
Grid 390: Easy
080010070
700080009
009307800
900405007
540631082
200708001
004906200
300050004
090040050
Grid 391: Ultra Easy
020894030
009306800
630000049
002030100
980000023
004060700
740000012
001209300
090751080
Grid 392: Medium
900000002
002080500
574000398
000893000
009406800
000217000
783000629
005020700
200000005
Grid 393: Hard
080170000
070030026
002600900
000000302
320000015
509000000
003001700
790080060
000027030
Grid 394: Medium
004090700
070214090
000708000
042000510
680040072
013000640
000107000
020986030
009020800
Grid 395: Hard
060050070
200003006
009062800
023000000
705000608
000000190
007940200
100500009
090020010
Grid 396: Diabolical
900720006
000083000
004001300
052000004
180000073
700000590
003900800
000260000
800057002
Grid 397: Easy
004206800
008000400
020784050
100698005
005102300
600543009
060435080
001000500
007901600
Grid 398: Ultra Easy
045208910
020090040
901000208
090010050
400309001
080070090
804000102
070080060
019603780
Grid 399: Medium
010207090
008040200
200908004
000426000
060105080
000879000
800604003
005090100
070301050
Grid 400: Hard
000069080
108050300
030100050
500000400
970000013
003000005
090007030
006010907
040980000
Grid 401: Medium
030817060
000030000
008902500
084000750
360000019
079000380
007503100
000080000
040129070
Grid 402: Hard
000907000
005000400
029040570
400010006
001204300
500070001
084060290
006000100
000108000
Grid 403: Diabolical
006030080
400900700
090700003
000060340
500301007
031090000
600003070
005004008
070010500
Grid 404: Easy
400000006
000502000
702080409
061020950
285030674
047050310
804010703
000703000
100000005
Grid 405: Ultra Easy
080060030
003502900
540907018
700020005
350000026
800050001
290608053
005203600
030090040
Grid 406: Medium
200000001
005070200
079201540
000516000
051000820
000782000
042108390
007040600
100000008
Grid 407: Hard
000000020
800510400
070920000
000030960
015070840
034090000
000069030
007083002
060000000
Grid 408: Medium
050000020
090732050
602000103
000967000
860000049
000418000
406000807
070841030
010000090
Grid 409: Hard
090304000
008970005
000050010
600000094
075000280
980000007
040080000
100039400
000102050
Grid 410: Diabolical
000005000
061090740
030600020
600080200
040102050
008070004
070001060
012030490
000400000
Grid 411: Easy
350010086
020060050
000405000
100602008
680341027
400908005
000106000
010080090
970020061
Grid 412: Ultra Easy
900407001
410030076
003000400
009365200
602000907
004972600
001000700
360020094
500704002
Grid 413: Medium
740503028
000060000
030107050
100070004
804000307
300010002
020901070
000030000
450706039
Grid 414: Hard
904001005
000470000
005060407
700000090
013000780
080000002
302050100
000092000
600100203
Grid 415: Medium
430000086
009030500
500040003
200605009
001903200
900204008
100060005
006020700
890000062
Grid 416: Hard
094005000
000374002
000060008
710000080
048000670
050000049
600020000
500647000
000800720
Grid 417: Diabolical
000600400
005020900
420008030
003090004
070204090
200070500
080100049
002080100
009002000
Grid 418: Easy
094030620
000000000
006928500
300406005
082709430
400302009
005847300
000000000
017060940
Grid 419: Ultra Easy
050020010
007000600
004361700
068000930
723050481
041000570
006249300
002000100
090010040
Grid 420: Medium
030070090
000108000
001000200
700814005
014509760
200637009
007000900
000701000
090060040
Grid 421: Hard
420000008
008300006
000098040
003010050
004203600
050080300
030840000
100005400
900000073
Grid 422: Medium
090503080
800070009
003000500
014080230
700204001
025090840
009000700
200040005
060907020
Grid 423: Hard
060059000
008070309
070100040
500000100
810000064
007000008
040005020
702080400
000640090
Grid 424: Diabolical
000010080
210509060
007000100
070080040
500103009
080050010
009000500
050207034
030060000
Grid 425: Easy
080000090
000205000
003060100
364020851
508643907
927050463
006090700
000701000
040000010
Grid 426: Ultra Easy
201867504
006000700
405000803
000416000
600702005
000985000
304000609
008000200
907624108
Grid 427: Medium
070806020
000050000
001302900
047010230
605000804
032080710
008709600
000060000
090508070
Grid 428: Hard
208700005
030600040
000090001
000060017
002901400
960040000
800070000
020006050
400009206
Grid 429: Medium
003010400
029605130
100000006
000291000
200708001
000534000
800000004
072109580
001050200
Grid 430: Hard
360000007
090000834
040037000
003020000
005403100
000080900
000560070
759000060
200000019
Grid 431: Diabolical
100306008
070580020
000040000
600000034
043000670
790000001
000020000
050017040
800604007
Grid 432: Easy
000109000
400070006
003020100
521000734
360705081
874000569
007060300
200030008
000407000
Grid 433: Ultra Easy
400080002
080060010
502401806
058000970
603000208
074000650
706305109
040090060
800010005
Grid 434: Medium
016000980
050000010
200050006
008692100
020507060
007431500
100060004
040000070
085000690
Grid 435: Hard
070001500
006900004
100007090
090020407
000304000
403070010
040500002
300002900
008700050
Grid 436: Medium
200000008
001705200
004020100
700542003
050609020
600138007
007050300
006407900
500000002
Grid 437: Hard
007050600
080700050
600400007
063070000
200109006
000040570
500002008
020004010
008090400
Grid 438: Diabolical
004010030
100400800
090006007
008050070
200304001
010080200
500200090
001005003
080060500
Grid 439: Easy
097010260
200000004
000205000
005689700
960702041
008341600
000507000
100000003
056020470
Grid 440: Ultra Easy
400020008
900030001
003504700
070203080
209845106
040109050
004708900
300090007
700050004
Grid 441: Medium
100703004
002659800
007000900
000517000
508000107
000836000
001000700
005961400
800204005
Grid 442: Hard
300070108
000050000
805600200
000060700
050923060
008010000
004001903
000090000
203040001
Grid 443: Medium
093000760
850000049
000070000
002647100
078000320
001238500
000080000
480000037
019000680
Grid 444: Hard
050600000
002000004
009080620
000804002
003791500
500302000
065010900
100000200
000003010
Grid 445: Diabolical
004000100
005000200
100524009
200050007
050903020
900060003
500391004
008000300
009000600
Grid 446: Easy
060000070
000459000
205030804
002304100
806507309
003908700
107090502
000142000
020000030
Grid 447: Ultra Easy
000627000
092000630
000839000
508000201
340592086
609000304
000978000
056000870
000456000
Grid 448: Medium
010000060
200080005
900137008
090602070
730000051
020703090
100529007
300060002
050000080
Grid 449: Hard
000905700
000046000
305000600
150090007
070653040
600020038
009000106
000170000
008502000
Grid 450: Medium
001060900
080401030
300000006
702090601
860000059
105070308
200000005
010708060
006040800
Grid 451: Hard
007004080
200085600
080020001
740000000
063070820
000000097
400030010
008750006
030200700
Grid 452: Diabolical
200960004
006700000
000042010
002000039
409000107
630000400
050810000
000006900
700095001
Grid 453: Easy
000050000
500407009
809010504
701000903
405702801
302000407
907020608
600104005
000090000
Grid 454: Ultra Easy
200000007
048020950
170508042
000080000
410379085
000060000
360204078
025010460
800000001
Grid 455: Medium
003070200
004108300
070030090
056000730
001705600
048000950
030080040
009304800
007020500
Grid 456: Hard
000200600
061050020
203000890
000030002
030186040
600090000
075000904
040010280
008005000
Grid 457: Medium
053080190
900507008
000010000
502000701
360000085
709000206
000060000
400901003
097050810
Grid 458: Hard
300100004
008370000
005090160
000000028
036080940
280000000
041030600
000012400
600004001
Grid 459: Diabolical
000001000
035060090
007004230
804070000
070206080
000040907
063400500
050080340
000300000
Grid 460: Easy
490060025
580000037
000050000
036000590
970436082
024000370
000090000
710000069
650020013
Grid 461: Ultra Easy
000040000
910307028
205000409
800020007
043789260
100030004
702000103
390405082
000070000
Grid 462: Medium
400802001
010070040
030000060
003080900
107359602
008000400
080000090
070060050
500704008
Grid 463: Hard
700085032
600740000
000009000
904000020
530010068
070000904
000400000
000096005
210350009
Grid 464: Medium
600090005
840000026
000408000
080010070
074586310
060030050
000609000
350000061
400050008
Grid 465: Hard
050040700
008290001
100300020
000000810
910080035
043000000
080009007
300057100
001030060
Grid 466: Diabolical
000050030
307006400
010032080
082000000
904000603
000000250
070680020
005300809
090020000
Grid 467: Easy
000040000
180000054
009853200
700306002
065492130
300705006
008574600
620000075
000020000
Grid 468: Ultra Easy
650000089
700519003
001060200
100306004
008401900
400705001
009030400
200948006
360000098
Grid 469: Medium
000759000
080010070
009000100
920000056
476080213
150000097
004000700
010060030
000127000
Grid 470: Hard
040000060
300010002
002040900
010705030
006821700
020403090
004030600
100070005
070000010
Grid 471: Medium
070402050
080000030
002030400
400060009
957020168
200070005
006040500
020000090
040708020
Grid 472: Hard
020030010
000000000
100659003
074000520
200945007
038000460
700823006
000000000
010070050
Grid 473: Diabolical
071000050
200089001
000001003
049010000
050206030
000090160
700600000
800950006
060000520
Grid 474: Easy
014080520
600000004
050124030
000403000
870209013
000805000
030692050
500000001
086030940
Grid 475: Ultra Easy
002657800
014000950
000040000
040103020
683070195
020805060
000080000
059000370
001534600
Grid 476: Medium
030000080
200010007
005289400
000405000
843000725
000807000
008642100
100050008
070000040
Grid 477: Hard
001602500
500030009
020000060
300010002
058070640
200080007
080000090
400050006
007804200
Grid 478: Medium
350807019
007050300
080000020
900020001
025000490
700090006
070000040
001070800
860503072
Grid 479: Hard
090060030
001302900
000579000
200000006
807090102
900000005
000756000
008403600
040020070
Grid 480: Diabolical
600200004
009470200
070050080
000000027
064000130
280000000
040030050
006042900
900001006
Grid 481: Easy
021070690
900000007
003905400
500080004
034106850
200040001
008207500
100000003
052030170
Grid 482: Ultra Easy
980502037
020000090
607030408
000010000
213070859
000090000
102050704
030000060
570804012
Grid 483: Medium
000302000
040986020
008070900
780000094
010407080
450000013
009060200
060239070
000805000
Grid 484: Hard
100207004
000090000
300408001
005030400
630000025
007010800
700105006
000020000
400703002
Grid 485: Medium
600000003
001030800
020718090
007304900
530000021
006201300
060983040
003060100
800000009
Grid 486: Hard
000050000
607000208
300080004
004208600
800376002
006509100
900020005
201000709
000090000
Grid 487: Diabolical
000600000
020500090
003097100
007080056
006403800
190050400
002940300
070005080
000008000
Grid 488: Easy
000503000
503010908
070060010
057000820
421070369
096000450
040030080
105040706
000608000
Grid 489: Ultra Easy
000000000
001506800
870040019
035764980
090103060
064985130
510090046
003601700
000000000
Grid 490: Medium
010000020
085020760
902000803
000481000
400709002
000256000
501000207
024010690
090000040
Grid 491: Hard
000729000
200000006
059060230
004000700
100483005
006000800
041090580
900000001
000215000
Grid 492: Medium
480060039
006080500
000401000
870000094
604000703
190000058
000206000
007040300
540070026
Grid 493: Hard
060090010
300000006
004080300
609000802
200837009
803000704
006020900
700000005
030050070
Grid 494: Diabolical
000030000
000704300
014680200
070000580
801000609
096000030
008045970
007308000
000010000
Grid 495: Easy
020060070
074203650
009000400
050040010
760985042
080070060
008000100
017804230
090020080
Grid 496: Ultra Easy
600203005
000080000
350090026
734000589
201000603
865000172
570030094
000060000
900705001
Grid 497: Medium
000000000
608109503
103020409
000795000
705000206
000286000
809050702
502803104
000000000
Grid 498: Hard
006701500
050060020
000000000
980010032
302070406
760050098
000000000
090040010
003605200
Grid 499: Medium
000324000
050108090
100050002
003907200
029080630
005203900
400030005
070501040
000746000
Grid 500: Hard
000030000
002000500
060507010
350070028
670090031
210080057
030108040
005000100
000050000
